name: capstone
channels:
  - powerai
  - conda-forge
  - defaults
dependencies:
  - absl-py=0.9.0=py36_0
  - backports=1.0=py_2
  - backports.weakref=1.0.post1=py36_1000
  - blas=1.0=mkl
  - bleach=1.5.0=py36_0
  - bzip2=1.0.8=h1de35cc_0
  - ca-certificates=2019.11.28=hecc5488_0
  - cairo=1.14.12=hc4e6be7_4
  - certifi=2019.11.28=py36_0
  - cycler=0.10.0=py36hfc81398_0
  - ffmpeg=4.0=h01ea3c9_0
  - fontconfig=2.13.0=h5d5b041_1
  - freetype=2.9.1=hb4e5f40_0
  - gettext=0.19.8.1=h15daf44_3
  - glib=2.63.1=hd977a24_0
  - graphite2=1.3.13=h2098e52_0
  - h5py=2.8.0=py36h878fce3_3
  - harfbuzz=1.8.8=hb8d4a28_0
  - hdf5=1.10.2=hfa1e0ec_1
  - html5lib=0.9999999=py36_0
  - icu=58.2=h4b95b61_1
  - imageai=2.1.5=py_0
  - intel-openmp=2019.4=233
  - jasper=2.0.14=h636a363_1
  - jpeg=9b=he5867d9_2
  - keras=2.2.4=0
  - keras-applications=1.0.8=py_0
  - keras-base=2.2.4=py36_0
  - keras-preprocessing=1.1.0=py_1
  - kiwisolver=1.1.0=py36h0a44026_0
  - libcxx=4.0.1=hcfea43d_1
  - libcxxabi=4.0.1=hcfea43d_1
  - libedit=3.1.20181209=hb402a30_0
  - libffi=3.2.1=h475c297_4
  - libgfortran=3.0.1=h93005f0_2
  - libiconv=1.15=hdd342a3_7
  - libopencv=3.4.2=h7c891bd_1
  - libopus=1.3=h1de35cc_0
  - libpng=1.6.37=ha441bb4_0
  - libprotobuf=3.9.2=hfbae3c0_0
  - libtiff=4.1.0=hcb84e12_0
  - libvpx=1.7.0=h378b8a2_0
  - libxml2=2.9.9=hf6e021a_1
  - markdown=3.1.1=py_0
  - matplotlib=3.1.1=py36h54f8f79_0
  - mkl=2019.4=233
  - mkl-service=2.3.0=py36hfbe908c_0
  - mkl_fft=1.0.15=py36h5e564d8_0
  - mkl_random=1.1.0=py36ha771720_0
  - ncurses=6.1=h0a44026_1
  - numpy=1.18.1=py36h7241aed_0
  - numpy-base=1.18.1=py36h6575580_1
  - olefile=0.46=py36_0
  - opencv=3.4.2=py36h6fd60c2_1
  - openssl=1.1.1d=h1de35cc_3
  - pcre=8.43=h0a44026_0
  - pillow=7.0.0=py36h4655f20_0
  - pip=20.0.2=py36_0
  - pixman=0.38.0=h1de35cc_0
  - protobuf=3.9.2=py36h6de7cb9_1
  - py-opencv=3.4.2=py36h7c891bd_1
  - pyparsing=2.4.6=py_0
  - python=3.6.10=h359304d_0
  - python-dateutil=2.8.1=py_0
  - pytz=2019.3=py_0
  - pyyaml=5.2=py36h1de35cc_0
  - readline=7.0=h1de35cc_5
  - scipy=1.3.2=py36h1410ff5_0
  - setuptools=45.1.0=py36_0
  - six=1.14.0=py36_0
  - sqlite=3.30.1=ha441bb4_0
  - tensorboard=1.5.1=py36_1
  - tensorflow=1.5.0=py36_0
  - tk=8.6.8=ha441bb4_0
  - tornado=6.0.3=py36h1de35cc_0
  - webencodings=0.5.1=py_1
  - werkzeug=0.16.1=py_0
  - wheel=0.33.6=py36_0
  - xz=5.2.4=h1de35cc_4
  - yaml=0.1.7=hc338f04_2
  - zlib=1.2.11=h1de35cc_3
  - zstd=1.3.7=h5bba6e5_0

